pushplus_token: 123456abc ## pushplus推送token
refresh_token: 123456abc ## 阿里云网盘刷新token
bilibili_cookie: 123456abc ## B站cookie
jd_cookie: __jda=122270672.1694415881533353334555.1694415882.1701134710.1701136822.188; __jdu=1694415881533353334555; TrackID=1ZQz5qg2ySuoMSTWJAnd9WzWfT3xJUWPU8yEkJTenS9OY0Zz4lrctlY-Qennh3hZDfL9Ruve0Vh_7LwXzcws8TrYzXMVQuqEkj62dO3f0FUw; pinId=3kem30W7_Jw; 3AB9D23F7A4B3CSS=jdd03BAFQJDHJE5YECYEOATU2Z63D2JYQOIXI3FNSODMVOMHMSHJMZY76PFMEZV7KJNJDEXSBYXR7H2DHICJCSRDPNDNJVIAAAAMMCOY7STYAAAAAD5P6WNZ5JCPJWUX; shshshfpa=22dae39b-593b-0862-0e68-173c95166a34-1694416214; shshshfpx=22dae39b-593b-0862-0e68-173c95166a34-1694416214; shs…; autoOpenApp_downCloseDate_autoOpenApp_autoPromptly=1701136860654_1; autoOpenApp_downCloseDate__jd_czlogin_openapp_=1700806967193_1; PCSYCityID=CN_110000_110100_0; user-key=d2c9d8c3-576b-4d39-89ef-2e694c184f76; areaId=1; ipLoc-djd=1-2802-0-0; 3AB9D23F7A4B3C9B=BAFQJDHJE5YECYEOATU2Z63D2JYQOIXI3FNSODMVOMHMSHJMZY76PFMEZV7KJNJDEXSBYXR7H2DHICJCSRDPNDNJVI; __jdc=122270672; ceshi3.com=201; __jdb=122270672.8.1694415881533353334555|188.1701136822; _gia_d=1; shshshsID=1d1fab5db37e5ca5ad2eba7c96563efc_1_1701137483616 ##京东cookie
